{
 "cells": [
  {
   "cell_type": "code",
   "execution_count": 1,
   "metadata": {
    "collapsed": true
   },
   "outputs": [],
   "source": [
    "from __future__ import print_function, division\n",
    "import numpy as np\n",
    "import matplotlib.pyplot as plt\n",
    "%matplotlib inline"
   ]
  },
  {
   "cell_type": "markdown",
   "metadata": {},
   "source": [
    "# Modelling Sub-halo Alignment 2-point Correlations"
   ]
  },
  {
   "cell_type": "code",
   "execution_count": 2,
   "metadata": {},
   "outputs": [
    {
     "name": "stdout",
     "output_type": "stream",
     "text": [
      "halo_vmax_firstacc\n",
      "halo_dmvir_dt_tdyn\n",
      "halo_macc\n",
      "halo_scale_factor\n",
      "halo_vmax_mpeak\n",
      "halo_m_pe_behroozi\n",
      "halo_xoff\n",
      "halo_spin\n",
      "halo_scale_factor_firstacc\n",
      "halo_c_to_a\n",
      "halo_mvir_firstacc\n",
      "halo_scale_factor_last_mm\n",
      "halo_scale_factor_mpeak\n",
      "halo_pid\n",
      "halo_m500c\n",
      "halo_id\n",
      "halo_halfmass_scale_factor\n",
      "halo_upid\n",
      "halo_t_by_u\n",
      "halo_rvir\n",
      "halo_vpeak\n",
      "halo_dmvir_dt_100myr\n",
      "halo_mpeak\n",
      "halo_m_pe_diemer\n",
      "halo_jx\n",
      "halo_jy\n",
      "halo_jz\n",
      "halo_m2500c\n",
      "halo_mvir\n",
      "halo_voff\n",
      "halo_axisA_z\n",
      "halo_axisA_x\n",
      "halo_axisA_y\n",
      "halo_y\n",
      "halo_b_to_a\n",
      "halo_x\n",
      "halo_z\n",
      "halo_m200b\n",
      "halo_vacc\n",
      "halo_scale_factor_lastacc\n",
      "halo_vmax\n",
      "halo_m200c\n",
      "halo_vx\n",
      "halo_vy\n",
      "halo_vz\n",
      "halo_dmvir_dt_inst\n",
      "halo_rs\n",
      "halo_nfw_conc\n",
      "halo_hostid\n",
      "halo_mvir_host_halo\n"
     ]
    }
   ],
   "source": [
    "from halotools.sim_manager import CachedHaloCatalog\n",
    "halocat = CachedHaloCatalog(simname='bolshoi', halo_finder='rockstar', redshift=0.0, dz_tol=0.001, version_name='halotools_v0p4')\n",
    "for name in halocat.halo_table.dtype.names:\n",
    "    print(name)"
   ]
  },
  {
   "cell_type": "markdown",
   "metadata": {},
   "source": [
    "## Alignment Models"
   ]
  },
  {
   "cell_type": "code",
   "execution_count": 3,
   "metadata": {
    "collapsed": true
   },
   "outputs": [],
   "source": [
    "from intrinsic_alignments.ia_models.ia_model_components import CentralAlignment\n",
    "from intrinsic_alignments.ia_models.ia_model_components import RadialSatelliteAlignment\n",
    "from intrinsic_alignments.ia_models.ia_model_components import MajorAxisSatelliteAlignment\n",
    "from intrinsic_alignments.ia_models.ia_model_components import HybridSatelliteAlignment"
   ]
  },
  {
   "cell_type": "code",
   "execution_count": 4,
   "metadata": {},
   "outputs": [],
   "source": [
    "# create a model table\n",
    "from intrinsic_alignments.ia_models.utils import halocat_to_galaxy_table\n",
    "table = halocat_to_galaxy_table(halocat)"
   ]
  },
  {
   "cell_type": "code",
   "execution_count": 5,
   "metadata": {},
   "outputs": [
    {
     "name": "stderr",
     "output_type": "stream",
     "text": [
      "/Users/duncan/Code/halotools/halotools/utils/matrix_operations_3d.py:88: RuntimeWarning: invalid value encountered in true_divide\n",
      "  return vectors/elementwise_norm(vectors).reshape((npts, -1))\n",
      "/Users/duncan/Projects/intrinsic_alignments/ia_models/utils.py:299: RuntimeWarning: invalid value encountered in greater\n",
      "  mask1 = (dot > 1) & (dot < 1 + tol)\n",
      "/Users/duncan/Projects/intrinsic_alignments/ia_models/utils.py:299: RuntimeWarning: invalid value encountered in less\n",
      "  mask1 = (dot > 1) & (dot < 1 + tol)\n",
      "/Users/duncan/Projects/intrinsic_alignments/ia_models/utils.py:301: RuntimeWarning: invalid value encountered in less\n",
      "  mask2 = (dot < -1) & (dot > -1 - tol)\n",
      "/Users/duncan/Projects/intrinsic_alignments/ia_models/utils.py:301: RuntimeWarning: invalid value encountered in greater\n",
      "  mask2 = (dot < -1) & (dot > -1 - tol)\n"
     ]
    }
   ],
   "source": [
    "# apply central alignments to model\n",
    "cen_alignment_model = CentralAlignment(central_alignment_stregth=0.95)\n",
    "table = cen_alignment_model.assign_orientation(table=table)"
   ]
  },
  {
   "cell_type": "code",
   "execution_count": 6,
   "metadata": {},
   "outputs": [],
   "source": [
    "# apply satellite alignments to model\n",
    "sat_alignment_model = RadialSatelliteAlignment()\n",
    "table = sat_alignment_model.assign_orientation(table=table, Lbox=halocat.Lbox)"
   ]
  },
  {
   "cell_type": "markdown",
   "metadata": {},
   "source": [
    "## Alignment Correlation Functions"
   ]
  },
  {
   "cell_type": "code",
   "execution_count": 7,
   "metadata": {
    "collapsed": true
   },
   "outputs": [],
   "source": [
    "from halotools.mock_observables.alignments import ed_3d, ee_3d\n",
    "from halotools.mock_observables.alignments import ee_3d_one_two_halo_decomp, ed_3d_one_two_halo_decomp\n",
    "\n",
    "rbins = np.logspace(-1,1.4,20)\n",
    "rbin_centers = (rbins[:-1]+rbins[1:])/2.0"
   ]
  },
  {
   "cell_type": "code",
   "execution_count": 8,
   "metadata": {},
   "outputs": [],
   "source": [
    "# galaxy coordinates and orientations\n",
    "galaxy_coords = np.vstack((table['x'],\n",
    "                           table['y'],\n",
    "                           table['z'])).T\n",
    "\n",
    "galaxy_orientations = np.vstack((table['galaxy_axisA_x'],\n",
    "                                 table['galaxy_axisA_y'],\n",
    "                                 table['galaxy_axisA_z'])).T\n",
    "\n",
    "cens = table['gal_type']=='centrals'\n",
    "sats = table['gal_type']=='satellites'\n",
    "gal_mask = table['halo_mpeak']>10**12\n",
    "\n",
    "# halo orientations\n",
    "halo_coords = np.vstack((halocat.halo_table['halo_x'],\n",
    "                         halocat.halo_table['halo_y'],\n",
    "                         halocat.halo_table['halo_z'])).T\n",
    "\n",
    "halo_orientations = np.vstack((halocat.halo_table['halo_axisA_x'],\n",
    "                               halocat.halo_table['halo_axisA_y'],\n",
    "                               halocat.halo_table['halo_axisA_z'])).T\n",
    "\n",
    "hosts = halocat.halo_table['halo_upid']==-1\n",
    "subs = halocat.halo_table['halo_upid']!=-1\n",
    "halo_mask = halocat.halo_table['halo_mpeak']>10**12"
   ]
  },
  {
   "cell_type": "code",
   "execution_count": 9,
   "metadata": {
    "collapsed": true
   },
   "outputs": [],
   "source": [
    "galaxy_eta = ed_3d(galaxy_coords[gal_mask], galaxy_orientations[gal_mask],\n",
    "                   galaxy_coords[gal_mask],\n",
    "                   rbins, period=halocat.Lbox, num_threads=4)\n",
    "galaxy_omega = ee_3d(galaxy_coords[gal_mask], galaxy_orientations[gal_mask],\n",
    "                     galaxy_coords[gal_mask], galaxy_orientations[gal_mask],\n",
    "                     rbins, period=halocat.Lbox, num_threads=4)"
   ]
  },
  {
   "cell_type": "code",
   "execution_count": 10,
   "metadata": {
    "collapsed": true
   },
   "outputs": [],
   "source": [
    "halo_eta = ed_3d(halo_coords[halo_mask], halo_orientations[halo_mask], halo_coords[halo_mask],\n",
    "                 rbins, period=halocat.Lbox, num_threads=4)\n",
    "halo_omega = ee_3d(halo_coords[halo_mask], halo_orientations[halo_mask],\n",
    "                   halo_coords[halo_mask], halo_orientations[halo_mask],\n",
    "                   rbins, period=halocat.Lbox, num_threads=4)"
   ]
  },
  {
   "cell_type": "code",
   "execution_count": 11,
   "metadata": {},
   "outputs": [
    {
     "data": {
      "image/png": "iVBORw0KGgoAAAANSUhEUgAAANwAAADSCAYAAAAhUK7xAAAABHNCSVQICAgIfAhkiAAAAAlwSFlz\nAAALEgAACxIB0t1+/AAAGHdJREFUeJzt3Xd41FW6wPHvSSGBCMEEpLcASokQhqAIy7VskKZBhBUQ\nvOiyoNj3rijKIuiyKrp71fUCgoINC0pRWJqy4iogCgkCUUBJQhNUIIQSNiHJnPvHzMgQpvwmmflN\nez/PkyeZkpk3v2fenH6O0lojhDBHTLADECKaSMIJYSJJOCFMJAknhIkk4YQwkSScECaKC3YANaGU\nkjENEbK01qrqfWGdcAAyjihCkVIX5BogVUohTCUJJ4SJJOGEMJEknBAmitiE2/XTSU6XVQQ7DCHO\nE/YJp5RCKcW0adPOu/8Pb2yh6xMfM2TWBp5bs4sNe45SWl4ZnCCFsFPh3K2ulNKu4tdaszH/GF/m\nH2Nj/lG2HTxBpVVTKzaGbi3r06ttA3q1S6Vr8/rUigv7/zkiBCmlXI7DRWTCVXW6rILNhUV8WWBL\nwG8PnURrSEmqxfSb0hl4eRMTohXRJKoTrqriM2fZVFDE7M/2sO3gCW62NGNadmfqJcYHIEoRjSTh\nXCivtPLSp3uYuW4Pjesl8vdbutIzLdWPEYpoJQnnQe7+4/zPwm/YV3SGcX3S+NP1l5IQF+uHCEW0\nkoTz4szZCv66Yidvf7WfDo3r8vzwDDo2qeeX1xbRRxLOoE93/czDi3Zw8j/lPNTvUsb+Jo3YGNcT\nUYVwRxLOB8dOl/Hokh18/N3PXH1pQ14ckUH9OrX8/j4icknC+Uhrzdtf7eeJ5d/SODmROaMz6dRU\nqpjCmKhKOKsVVq+G3FywWKB/f4ip5vh27v7jTFiQw4n/lDNjaBcGZzSrYdQiGkRswjl+njp1KtOm\nTcNqhSFDYNmyc8/LzoalS88lna8JeeRUGfe8k8vXhUXc0bs1jw3sSHyszFAR7kVswlWNf+VKGDTo\nwueuWAEDB2IoIV0pr7Ty9MpdzN9QyBVtUph5q4WGdRP89JeISOMu4SLu33Ruruv7t261fV+9+vxk\nA9vt1as9v258bAyP39iJF0dksP1gMTe89AW5+4/XPGARVSIu4SwW1/d362b77i0hHaxWW2k5fbrt\nu9Vqu39wRjOW3t2bhLhYhs/5kve3HPBP4CI6aK3D9ssW/vkqK7XOztYazn1lZ9vu11rrFSvOf8zx\ntWKF8dfQWuvikrN69KubdJtJ/9Sb8o9eEIeIbvbP5gWf2Yhrw8G5TpGtW20lm3OniJE2nLd2oMPp\nsgpufGk9Z85WsPL+PqReJG06YRM1bTiwJc7AgTB5su27c2dITIwtuVassFUXV6y4sMPEaLXzooQ4\nZt5q4fiZcv74/jas1vD95yXMEZEJ542nhATv7UBnnZrW4/EbOvH590d4+fN8/wcrIkpUJpw3/fvb\nqpnOsrNt97sy6sqW3NClCX//+Hs27y0KfIAibEVkG84fPLUDnR93DJ73vqacwTPXU1puZeUDfUhJ\nkrmX0SxqBr7N4K7jZfrMEwydvZHe7VKZN6YHMbLKIGpFVadJoLkbPD+wPZkpN3Rk3e4jvPJFQXCC\nEyFNEq4aPPViju7ZioGXN+bZNbvJ2SftOXE+Sbhq8NSLqZTimaFdaFa/Nve9s5XjJWfNDU6EtLBP\nOHcbwQaSt17MeonxzLzVwtHTZ3nog21ypJb4lXSaVJO3XkyA1zcUMm35d9xzbVsm9usQlDhFcEgv\nZRBorXlsaR7vfr2f6TelM7pnq2CHJEziLuHC/gTUUKaU4i+DO/PLyVIe/yiPRvUS6dupUbDDEkEk\nJVyAOA+Md+5awWv7NvH9z6d4Z1xPLC0vDnZ4IsCkSmkiVwPjA4aUUdJzI6fKKlg8oRdtGiQFL0AR\ncDLwbSJXA+OrliZwR9srALj9ta85erosCJGJYJOECwB3A+M/7kpi3phMfj5ZytjXN3PmrBwYGW0k\n4QLA08B4t5YX89JICzt+PMG972ylotJqbnAiqCThAsDbwHjfTo14cnA6n+76hSkf5cnAeBSRYYEA\ncKwq9zQwPrpnKw6f+A8z1+WTGB/LowM6ymmsUUB6KYNIa80Ty7/j9Y17ubxZMi+OyCCt4UXBDkv4\ngQwLhLDVeT8xacl2ysqtTMvuxC2ZLVBK1tKFM0m4EOQ8OJ7WuZTlR77hy4JjDLy8MU8P6UJyHTkC\nOVxJwoUYV4PjN2Zr+j9YwP9+spuGdRN4fniGHIEcpmTgO8S4GhxfvkzR+j9tWXJ3LxLjYxn5yiae\nW7OLchk6iBiScEHiadV4l+b1+ed9v+GW7i2YuS6fm2dtlNXjEUISLki87X2ZlBDHjGFdmDXKws8n\nSxk6+0smLMih8GiJeUEKv5M2XJD4co7dVzkVHGtQyKeH8zlbYWV0z1bc/9v2shVfCAu7ThOllAVI\n0Vqv9fCcsE048P0MhAFDSuk6+gfe33KAOvGxTLi2Lb/v3YbE+Njg/AHCraAknFLKorXOdbo9DCgG\nLFrrZ7387gxgs9Z6kYfnhHXCeeLpQJFLM0/xzKpdrN35C02SE/nT9Zdxc7dmsg9mCDG9l1IplQW8\n4nTbAmAvsYodtz1YGKjYwoGnTpV2l9Tl1TE9eHdcTxrWTeChD7YxZNYGth0oNjdI4bOAJZw9sZy7\n1oZjK90ACoAssJV6Vb7qByqmcGLkQJGr2qby4d29eX54Vw6dKOWmWRt4dMkO2ZovhJk5ebk+5ydg\nKoCHKmMm0FYptVZrHXX/uh0rDqp2qlQ9UCQmRjGkW3OyOjbihbU/8PrGvazKO8zEfpcxokdLYqWa\nGVIC3Yb7RGvd1/7zHGCO1jrXXt3sq7V+pIavH7FtODC2FV9Vu386xZSP8vi6sIguzZN5cnA6GS2k\n0mC2YHWaOCfcDOATrfVae+dJmreOEwOvH9EJZ0TVU3z69welNMu2HeKvK3Zy5HQZwzNb8HD/DjKM\nYKJQmNq1EEiz/5wGuO3u94Vj5+Vg7MAcbI6hg0GDYMoU2/chQ0BrxeCMZvzrT1cztncbPsg5SP8X\nPmf7wairmYecgJVw9lLsFWCco52mlBqPrcMkTWs91w/vEdUlnNGzyL87dJJxb27hWEkZLwzPoH96\nE/OCjFKml3Ba60Va64udO0W01nO11mv9kWzC+FnknZrW48N7etOhcT3uWpDLy//Ol20dgkTmUoYx\nX84ib1g3gffG92RQlyY8s2oXkxbv4GyFrEIwW9gnXDS23Rx8PYs8MT6Wl0Z0477r2rFwywHGzP+a\nE2fKAx+o+FXIzqU0ItrbcOD7WeSOxxfnHGTSku20SKnD/DE9aC07QftV2E1eNkISzjNvKxK+KjjG\nnQtyAJh7WyZXtEkJUqSRRxIuChnpxdx7tITfv76ZA8fP8NjAjtzeq7VsYOQHoTAOFxDR3Ibzxkgv\nZusGSSy9uzd92jfkieXfMe7NLRTJXMyAkRIughkdpwPbHpmvbdjLM6t2kZJUixdGyAZGNSFVyihk\nZFV5VXk/nuC+d7ey71gJ917Xnvuva0dcbNhXhEwnCRelqtOLeaa8gsc/ymNJ7o9c0TqFF0Zk0LR+\n7eD9EWFIEk5cwFsJuHTrQf68NI+42BieHdaFfp0bBy/YMCOdJuICrvbGXLbMdj/AkG7N+ef9fWiZ\nUoc738phxupdMiWshsL+9Bz5AFSfp15MR6dKmwZJLJ7Qi6nLvmX2Z/mUV1iZPKijDB1UU9gnnKg+\no3Mxa8XF8NSQdBLiYnh1fSEa+LMkXbVIwkUxo9s4gK3qPvXGTigF89YXYtWax2/oJEnnI68Jp5Qa\nCvQFLsa2J4kCNLbV20sCG54IJCMHRzpTStmSDMX8DYVojT0JJemMcttLqZTqBrQBtmqtC1083gaw\nAPla628CGqUbSqlfg586dap0nARI1aGDfv00T6/ayavrCxlzVSumZXeWpKvCXS+lpxKuQGu91d2D\n9iQstCde0EinSWC5HjpQLFnSkZgYxdzPC7BqeHKwJJ0RbhNOa33C8bNSKsNdKeaq9BORw93QwZo1\nikcHdEABcz4vQKN5Mjtddn/2wminSV+lVLHWem8ggxGhx/PQgWLSgA4opXj53/lUWuEvgzvLVDAP\njCZcLraNXEWU8TZ0oJTikf6XERsDM9fls7+ohJdGWmRLPjcMTe1SSk3EtlNyGud6KF8NcGxeydSu\nwPNlAvQHWw4w+cM8Gl6UwJzbupPeLNncYENIjeZS2nssix3tNaVUm1Bou0nCmcOXHaC3Hyzmzrdy\nKCo5yzNDL2dIt+bmBhsifE44pVQ9rfVJAy9s6HmBIMMCoeno6TLueTuXrwqLuKN3ax4b2JH4KGvX\nVSfhfgtorfWnHl50KHDc03MCSUq40OBqiU+ltvLUyp28tmEvV7ZJYeYoCw0uSgh2qKapVpVSKZUM\njAfaVnlIAznAB87DB2aThAs+I0t8Ji3eQUpSLV4e3Z2uUXKwiKyHEwFhZBuHvB9PcOdbORw5XcbM\nWy307dTI3CCDoEbr4ZRSE5VSC+1fDymlMvwfoghHRjYqSm+WzPL7fkPHJvW4951ccvYdNye4EGS0\nJZurtR6utR4O/AvbQPj7SqnZAYxNhAGjS3xSkmoxf0wmTZITGfvGZvKPnA58cCHI6LDAdUBRsCYp\nuyNVyuDzdaOifcdKGDp7I4nxsSy5uxeX1E00L1gT1XQcTga+hVtGxumcezJT2hfzUt4m0homsfDO\nq7goIfKWZUbswLfjZxmHC12uSsFrRv7C/tZb6N2uAfPGZEbcOJ30UoqgcdeTOXneARZ8v52hlub8\n7XddImp5T8Tu2iVCn7uezNqHW/BgVnsW5x7k7x9/b25QQRJ5lWcRcjz1ZA74bXt+OlHK/63bQ+Pk\nREb3bGVucCaTEk4EnKeDI5VSTL8pnWsva8jjH+Xx8bc/BSdIk0gbTpjCW0/mmbMVjJy7iZ2HTzHn\ntu5c2+GS4AXrB9JpIkJe8ZmzjJ73Fbt/OsXsUd3JCuMpYNJpIkJe/Tq1eHtsTzo1qcddC3JYnRd5\n1UtJOBFSkuvE89YfruTy5snc804uK7YfDnZIfiVVShESqq6p631NOWPf2MzWA8U8PzyD7K5Ngx2i\nT6qzL6UQpnA9HzOeBe9dwdg3N/Pge1uxWjU3dWsWvCD9JOyrlHJcVfhzt/flF+vieP2OHlzZJpU/\nvv8Ni3IOBidAPwr7Ek6qlOHP896Xccy/vQfj3tzCxEXbqLRaGd6jpbkB+lHYl3Ai/HlbU1e7Viyv\njsnkv9o35JHFO/jomx/NC87PJOFE0HmaieKQGB/LnNu6c2WbFCZ+sJ1NBcfMDdJPpJdShASje1+e\nOFPO0Jc38svJUhZP6EX7RnXND9YAmWkiIsaBojMMmbWRhLgYlt7di0vqhd6qcZlpIiJGi5Q6vHZ7\nD4pKzvL7NzZTUlYR7JAMk4QTYcFqtS1knT7d9r1z02RmjurGd4dOcu87uVRUWoMdoiFSpRQhz9NG\nRe9t3s9jS3cw8oqWPDUkPWRWjctMExG23A2Mr14Ntw5sycHjZ5j1WT7NL67NPde2C06QBkmVUoQ8\nb5vNPnT9ZQzOaMpza3bz4dbQHqOTEk6EPG8D4zEximeHdeGnE6VMXLSNRvUSuaptqnkB+kBKOBHy\njAyMJ8TFMve2TFqlJnHXghz2Hi0xN0iDpNNEhAWjA+P7jpUweOYGUpNqseTu3iTXjjc/WCJ44Nvx\ns2wEKxy+zD/GbfO+ole7Bswfk0lcEDaZjdiEC+f4ReC89/V+Ji3ZwR29WzP1xs6mv78MC4iId/6q\n8Zbc0fs0r20o5NJGdRl5RWgs6ZGEExHB1eD4jdkduHrwaaZ8mEfr1KSQ6LmUXkoREVwNji9fFkN2\ng260bpDEhLdz2Hcs+D2XknAiIrgbHN+1I555YzIBGPvGFk6WlpsY1YUk4URE8DQ43io1idmjurP3\naAn3v7uVSmvwOtok4URE8DY4flXbVJ4cnM5nu4/w1Mqd5gdoJ8MCImIYGRyftuxbXt+4l5dHW+if\n3iRgscg4nBBAeaWVYbM3svfYGVY90Iem9WsH5H1kxbcQQHxsDP8Y2Y2KSisPLvzG9PacJJyIOq1S\nk/jLTel8XVjEzHV7TH1vSTgRlW62NOemjKa8+K8fyNlXZNr7ShtORK1TpeUM+sd6Kq2alQ/08evK\nAmnDiahXdSOipFrxvDgig59PljJ56Q5Tts2XuZQiKrjfiOhi/tj3Up5bs5v/urQht2S2CGgcUsKJ\nqOBpI6K7rm7LVWmpTFv2LQVHTgc0Dkk4ERU8bUQUG6N4fngGCXEx3P/eVsoqKgMWhySciAreNiJq\nnJzIjKFdyPvxJH9bsztgcYRkwiml0pRSFqXUw0qptGDHI8KfkY2Iru/cmNt6tuKVLwrZsOdoQOII\n6LCAUsqitc51uj0MKAYsWutnPfzeMK31IqWUBchy91wZFhC+MDLXsrS8kn4vfE6t2BhWPdCn2vuh\nmD4soJTKAl5xum0B0FqvBYodt13RWi+y/5gFLHL3PCF8ERMDAwfC5Mm27652/UqMj+XRAR354ZfT\nvLf5gP9j8Psr2tkTy3kIfzi20g2gAFsyoZQaVuWrvv3+LGCt1rogUDEK4Uq/zo24sk0Kz3/yvd8X\nrJrZhqvP+QmYCrbSrMpXsT3ZHgHutFdDhTCNUoopN3Si6MxZZq3L9+trh+TAt710XBvsOET0Sm+W\nzM3dmjN/fSGjrmxJi5Q6fnldM0u4YiDF/nN9IDwPaRYRzXn6V/f4y4iJgWdW7/Lb65uZcAsBRxd/\nGn4qwZRS533J7suiuhzTvwYNgilTYNTNiSQfasuK7Yf9tqIgYMMC9rbXK8A4R6+jUmo8tg6TNK31\nXD+8hwwLCL9ZudKWbM5UfAWXT/qM1o1qs3RCL2JijB34aPqwgL0D5GKnLn601nO11mv9kWxC+Jur\n6V+6PI6MmA5sO1DM8u2HavweITnTRIhgcDf963c9mpHerB4zVu2itLxm8yzDPuGk7Sb8xd30r4ED\nFJMHduLQiVLmrS+s0XvIim8hnHia/jX+zS1s2HOUdROv4ZK6iR5fR7bJE6KGCo+WcP3z/2ZY9+Y8\nfXMXj8+VLRaEqKE2DZL476tas3DzAXYePlmt1wj7hJM2nDDT/de1p17teKav+K5ae6CE5NQuX0iV\nUpgpuU48E/tdxs8ny6i0auJijY3LOUgbTogAkDacECFAEk4IE4V9wkmniQgn0mkihA8cA+O5ubap\nYK72RfEk7BNOCLO4373ZeNKFfZVSCLN42r3ZKEk4IQzytHuzUWGfcNJpIszibfdmI8I+4bTW0nFS\nhfzzsfH3dTCye7M3ETPTxD6yH+SIQoNcC5tAXAcjuzc7vXfkLs+RD9k5ci1sgnkdZGqXj3ytjnh7\nvqfHXT3m7b6qjweyGmnWtTB6v6fboXQdXJESzv1r+/R63p7v6XFXj3m7r+rjnh6rKbOuhdH7jf7t\nwbwOEVulDHYMQrgTcQknRLiRNpwQJoqKhLOfppoV7DiCQSlVXymV5XwUWLQKhc9B2CRc1QMc7R+g\nLKXUwwZ+fTi2A0QijoHrMt7pNKLxpgdoEoOfj6B/DsIi4WpymqrdwgCGFzQGr0tb+33Fjp8jjQ+f\nj6B/DsIi4Wp6mmqkMnhdisFWtQT8e7pgiDD6+QgF4boezu1pqm6enwm0VUqttf+nj1Sursscp1Nk\no+UQFZefD0LgcxCuCeeTaD6tx35GupyTTmh8DsKiSumCnKbqmlwXm5C9DuGacAE5TTUCyHWxCdnr\nEBYJZ2+DZDraIlrrXPv9WUCx43a0ketiE07XQaZ2CWGisCjhhIgUknBCmEgSTggTScIJYSJJOCFM\nJAkXQZRSDxuYyO3udwOydMUxr9XfrxuuJOEiS7HTGJRFKfWJD7/769IVx+9WXfpkvz/fl8S0z29N\n8frEKCEJF7l8nUP569IVe9LOwJaEzlKAAvvsfFENUTF5OUplAReUcC6qd55mzhcopdLsE6Dh/Bn4\nohok4cKEvW2WBeQCFmyJ4mnKUg/AUf1Lc8yU93EJ0xxgGPCs/f1/LTHtifso8Ai2+Yq/lnz2qmiu\n8/sKG6lSho9ibOu6ioBFBuYHWoD3gS1Ad28vrrWeq7V+xLm0sydQXzfPX4Q9yexJNQdAKTWec8kX\n0QuAq0MSLkzYq3VpWutcpyqeJ8X25HFZtfRBsVIqjXMrqN0psD+vO/aSUGv9bA3eNyJJwkUge/Vv\ns/1mDyDXngzVsRCY4SbJnUuwFPtz8rEvjYn0LS6qQxIuTNgTxmhJ5bwG7BhgMVgqOt4rC5ihlBpm\nrzo6knc8kOY0LJBiHyoYj60t5yjVetjbeCGzl0iokOU5EUQpNd7MTgql1Ada698ZeJ6pcYUyKeFE\ntdhLOUsNqqpRSRIustSv7tQuX9l7J9t6q6raq5YyfmcnVUohTCQlnBAmkoQTwkSScEKYSBJOCBNJ\nwglhIkk4IUz0/9C+SgTVT5kVAAAAAElFTkSuQmCC\n",
      "text/plain": [
       "<matplotlib.figure.Figure at 0x11d916590>"
      ]
     },
     "metadata": {},
     "output_type": "display_data"
    },
    {
     "data": {
      "image/png": "iVBORw0KGgoAAAANSUhEUgAAANwAAADSCAYAAAAhUK7xAAAABHNCSVQICAgIfAhkiAAAAAlwSFlz\nAAALEgAACxIB0t1+/AAAHP9JREFUeJzt3Xl8lOW58PHfPQGCrEPYQSQOiOzIkAgor9ZjqAiVIzWA\ntVJLhVA9PVZbC6Uej7byHkv0tGoXm2BfxaotEtcaBTNiRUUtYUBFQCQDylLZwrAkQJa53z/mmTCE\nzJbMPDPP5Pp+PnwyyzMzVx7myr3fj9JaI4Qwhy3ZAQjRmkjCCWEiSTghTCQJJ4SJJOGEMJEknBAm\napPsAFpCKSVjGiJlaa1V48csnXAAMo4oUpFS5+QakAZVSqUUSinuv//+ZIciRERSwglhIsuXcEJY\niSScECZK24Tbsu8Y1TV1yQ5DiLNYvg3XFJ9PM2/5eo6erGXKyL7c4OzPBEd3bLame46EMIvlS7im\neimVgt/OvoRvje7H6s++5qYnPmLS0jU8tHobOw6cSF6wwhQul4vJkyfH9BqPx8PMmTMTFNEZysq9\nfEopHSn+kzX1lG3dz4vuPazdfhCfhjED7Hx7bH+uG9OPrI7tTIpWmGnmzJmsXLkyptd4vV7sdntc\nPl8p1eTAd9onXLADx07x6sf7eMG9l63/OkbHdhn876wxTBnZN4FRtl4+H6xaBW43OJ0wZQrYTKpT\nxZpwHo8Hr9eL0+mMy+dLwjWyZd8xfvHSp2za7eVHVw3mJ5OHSBsvjnw+mDEDXn31zGPTp8NLLzU/\n6bxeL8XFxTidTtxuN3a7nYKCAkpKSgCorKykoKAAODvhGj9fUlLC/Pnz2blzJ/Pnzyc3N5f8/HwW\nLFhAWVkZAIWFhTidTjweDzk5OVRWVjbEkZeXFzHWUAmH1tqy//zhN9+p2jr9s5Wb9MBFr+m5T/5T\ne6trWvR+4ozSUq3h3H+lpc1/z7KyMl1UVKS11jo/P19rrfWGDRv00qVLtdZaO53OhmMjPb9y5Upd\nVFSky8rKznnNwoULGx5fuHDhWfcrKiqiitX4bp7znbV8p0lLZLbJYOkNo3ng30ewdvtBrv/D++w4\ncDzZYaUFt7vpxzdubP57BkoWl8vF0qVLAXA6nTidTlwuF1lZWee8JtTz+fn5FBUVkZOTc85rAtVL\nt9vNoEGDWLx4MWVlZYwbNw6v19v8X4A06KVsKaUUcyZm89z8CRw/Vcv1f1jHm599neywLC9UU2js\n2Oa/p9vtJi8vj7y8PBwOBwDFxcV4PJ6GZGycEKGed7lcLFu2jEWLFp3zObm5uTgcDpxOJ7NmzWpI\n8A0bNuByuZr/C9CK23BN2ec9yQ+f2cAne47y46sv4sdXXyTtumZKRBsOYNy4cTgcDhwOB4sXL6a8\nvLwhEVesWNGQLIE2XGVl5TnPV1ZWsnLlSsrKypg8eTJOp5PZs2czc+ZMysrKcDgcDW048Cd6IMGd\nTmfD7XCk0yRKp2rrueelzbzg3kPesN78dvYYOrdvG9fPaC0CvZQbN/pLtpb2UhYWFlJQUIDdbsfj\n8VBUVNRQtUw1aZtwgdv33Xdf3JboaK1Zvm4XD5RuZWT/rjw991K6dpCkSzaXy9UwVub1ehuqfako\nbRMukfG7tuzn9mfdDO7ViWfmjZdBchE1SbggsQzIvrP9IAVPlzOweweemTeeXp3btzBq0Rq0qoQL\nl1DNacyvqzjEvOXl9OnSnmfnj6dv1/MS8NuIdNJqEi5SQr3+Okybdu57lZbC1KmhP6t8VyXff3I9\n3Tq25bl5ExiQ1SFOv4VIR6ESLu3G4VatOjvZwH9/1Sr/7eYOyOZkZ/HMvPEcra5ldtEH7DxU1fJg\nRUxiWQXQnBUDZki7hIuUUNEOyPp8/tJwyRL/T58PLhlg568FEzhV52N20Qd8sV9mpZgpLy8v6tn8\nsRxrprRLuEgJNWWKv4oZbPp0/+MBgWrptGlw773+nzNm+B8f0a8rfyuYgAZuLP6QLfuOJeT3EOmp\n1bXhAseEG5CNpp3nOXiCm5Z9RJ1P8/odk+jVpXX1Xv7y75/F/Y/N8H5duO+6EWGPmTlzJgsWLGiY\nPRIYh4u0YqC4uJicnBzKy8spKCho8WqASCzXhlNKOZVSMf/mNps/uUpL/dXB0tJzeyBtNn/i3HOP\n/2fj3slo2nmOnp1Y/oNLOXG6lv/860bq6n2xhiqaITAvMj8/nxUrVgD+qVcej6dhQnJjhYWFDYPk\nDoeDa665BqfTSV5eHhUVFQ3vEzxHM1ESuqeJUsqptXYH3c8HvIBTa10Y4eWzgfXN+dxAQoXrdQwn\nmnaezwcV7s6Mt43inZ0f8/Cb2/n5tUOb94EWFKkkSpRQKwIqKytDrhhYv349+fn5ADgcDjZv3nzW\naoBZs2bx4IMPsmjRIpYtW5bQ+BNWwhml07Kg+04ArbUL8Abuh7EiUbFFEqmdF9zGe/pX53N80wX8\n6Z0KyrbsNz/YVqapjpBIKwZyc3PxeDyAv4QcPXp0wlYDRJKwEk5r7VJKVQY9NBsoM257gDzAbZR6\nwVxa65YtOmqhQLU0VDuv8dBDpWs47fp4ueO5Tbz5k/8jY3QJ4nK5cLvduN3uhtuBOZWBxwNr34If\nW7hwIYWF/gqV2+3mjTfeoLCwsKHd5vF4GtqAgZIwURLaaaKUKtNaTzZuFwFFWmu3UfpN1lqfuxjp\nzGsLgEHAg6ESMNFzKUNZssTfexmsTddqLvzhu1zcvyMlt00ks02G6XGJ1GG5ThOtdbHWelGyS7um\nNNXGqzvagbnDx/Dp3qM88NoW84MSlmBmwnmBQIvWDhyOx5sG9qU08yo6odp4i27uw4IrHDzz4Ve8\nsmlvwuMQ1mPmzssrgMAGEg4gLq3TZFQpw7Xx7r7mYtxfHWHxi58yvG8XLurd2fT4ROpKWBvO6AxZ\nBszXWpcYjxXg7zBxaK2L4/AZSWnDRbL/2CmmPfYu9g7teOU/LqdjZlruKC/CML0Np7Uu0Vp3CySb\n8Vix1toVj2QLSMULMvbu0p5HbxyL5+AJfvHSp3INO9HA8n96U/XLfPngHvxk8hAefnM7lw/qwazc\nAckOSaSAlO2ljFYqlnABt39jMBMcWfzy75/x1eHqZIcjUkDaTV5OFYEJ0mvLT/Ly6bWMOL8zzy+Y\nSIZsu9cqhGrDWb5KmYrOXrFwHh2Hj+DUdR/z+D8q+NG/DU52eCKJpEqZAI2nflVt6U/V1r78pmw7\nm/ceTV5gIuksX8KlYpXy3OU9iso3R9JzeCV3rtjEa/85ifZtZepXa2T5Ei4VNTX1y3eqHbeOHMOO\nAyf49RvbzA9KpARJuAQINfXrru/05PuXZfPUul28+8XB5AQnksryvZSB2/Hc6jweQm3jcKq2nmmP\nvcuJ03WsvvMK7B1kN+d01Gr2pbSCzXuPcv0f3ueakX34/XfGopQMFaQbGRZIISP7d+WuyUN4aPXn\n9DzdmzZ7+5t+DWyRHFLCJUlNrY9LfvohJ2zH2ff/rqD++HlxuX6aSA2WW4AarVQch4uGq8zGF09f\nAkrT47qNYPOdtUO0SE+Wr1JatYRzu/2rxA+vHkXP6ZvoduU2jrw9nI0bm7/bmEh9lk84qwqM1VVv\n7c+x/kfoculOTu/rxtixfZMbmEgoy1cprSp4rO7ImuGc3mun93UfM2TcieQGJhJKOk2SKHisLnv4\nSf730/fo3qkdL8sqccuTTpMUFLzl+ndnnMfvbhpLxcETLH5RVomnK8v/GU2nL+blg3vw029ezEOr\nP2fcwG7ccll2skMScWb5Ei7d3HblIPKG9WJJ6RY2fHkk2eGIOJM2XAo6Wl3Ldb9/j5o6H6V3TKJ7\np8xkhyRilLZtuHTUtUNbHr/ZyZHqGu7420bqfen3R6W1koRLUSP6deVX/z6S93ccZsZ92ygt1fjk\nEnSWZ/mEs3IvZTg+Hzy3ZADHNw3gk1oP81a+x9Vz9lNfL6WdlUkbLkU1XPZYaTqO2EPXy7+grf0k\n2Z3tPDBrCJMG95BlPSlMludYTMO+KFpRtXkAVVv602nUHjpe+wVz/vxPLs3O4q7JQ5g4qHtS4xSx\nkRIuRTWUcI28/Pd6jnXfze/f3sH+Y6e5bFB3fvrNIYwbeO6ldkXyyIpvizl7b0u/4PVyp2rrefaj\nr3j8Hzs4dKKGJdeP5OYJA5MXsDiLJJwFhdoXJVh1TR3zlpfz6d6jvH33N+ghY3YpQRIuje04cIIp\nj6wlf9z5/PqG0ckORyAD32ltcK9OzL08mxXlu/lkT8pdoVkEkYRLE3dcfRE9OmXy3698hk9mpqQs\nyydcug58x6pz+7b8fMpQNu328uJGub54qpI2XBrx+TQ3/GkduytPsubuK+nSvm2yQ2q1pA3XCths\nil9NH8nhqtM85voi2eGIJkjCWZzP5x8kX7LE/3NEv67cmDuAp9btYseB48kOTzQiVUoLCzU4/sRf\nTnP1b/7B6PPt/OXWS2XOZRLIOFwaCjX9q7QUDnTdyf1/38Lj3x2H3t0HtxvZTt1EMnk5DZ174Ue/\njRth0c8H8tf1u/nxk1vY8bue6Dr/BSBlO/XkinjalVI3KKX+pJRaoZR63Lj9uFLq22YEKEJr6sKP\n4J8G1ibDxrW9RlDT7iRdxlc0PCfbqSdXyBJOKTUWuBBwa61faOL5C5VSNwAVWutNCYxRhBDYTLZx\nG27KFP/tE57uVG3tS5fxFZz49Hzqj7enTdeTvLq+igNdq9h1uJqdh6rYeaiK6pp6fjNrDFcM6Zmc\nX6aVCNmGU0p11VofNW5fEiqplFIXaq13xjUopRyAHcgDSrTWnhDHteo2HISf4Pz66zD9xpP0m/cO\nut6GrV0dKuPM+eqU2YbsHh3I7t6Rrf86xv5jpym5bSJD+3RJ0m+TPlrUaaKU+hmwUmu9K8YPdWqt\n3UH38wEv4NRaF4Z5Xb7WukQp5QTyQh0rCRdeoBfzrYo9nDd4P3VHOjJyYEcevr8jjp4d6dGpXUMP\n5j7vSWb88X0ylOKl/7ic3l3aJzl6a2tpwl0NHI6l6qiUygOWaq3HGfedgMNIpAKgPDgZQ7zHQqSE\na5FolvgEbN57lFlFH+Do2ZEVBRNlu/UWiEcJ1x1wABoo01o/EcXryrTWk43bS43XuYxkdGqtC41S\nL5hLa+01jqkMl5SScPH39rYD3Lp8Pf82tBdFc3LIsMkYXnO0dFjABXgDbTWl1IXNiMEOVAbd7w6g\ntS5pfKCRbIsAj5G05xwjEuOqob345fQR3PvKZzzw2hbunz4i2SGllXC9lF201scAtNYbg58L7iQJ\nPi5etNYu/EkuEixQ5QweGJ8zMZsvD1fzxHs7uSCrAz+Y1Jy/r6Ip4Uq4XKPKtibUAcawwBEg5DFB\nvEBgpxs7cDjqKEVChNs35RdTh7H7SDUPlG6hf7fzuGZEn+QFmkZCDnxrrd8CNiilfhY02B088D0P\nf3srmmQDWIG/DYjxMy4lWGA9nKyLi92qVWcnG5wZGLfZFI/MHsvo8+38+G8b+Xi3rCSPh7BtOGMc\n7qHmvLHRGZIT6OLXWruVUjlG+8wbqYcyWtJp0nzhpoZNnQrntcvgie/lMOOP73Pr8nJeuv0yBmR1\nMDfINJOwGXVGknUL7vDQWhdrrV1a6+J4fY6UbM0XbmpYQM/OmTw1N5eaunpuefKfHD5x2pzg0lS0\nwwJvAs8DO4Gw7TozybBAy0Ta+zLYP3dWMufPHzGkd2f+WjCBTjJGF1bclucYQwILtda3xSu45pKE\na7lYBsbXbNvP/Kc3cGl2Fk/OzaV92wxzg7WQFiecUqor0A1Q+Kd55cQ3xNgppRqCv++++6RaaYKX\nN+7lzhWb+Obw3vzxu07aZMg6n6bEpYQzVhAsAJ5PhWqllHDJ8dT7/sWtM8edT2H+aFlR3oQWzTQJ\nrBYwBsB/qJRaD+TGO0hhDd+//EKOVNfy6FtfYO/Qll9MHSZJF6Vo6wM7lVJXK6UuUUrNB95KZFCx\nkF7KxGu8UZHPB3fmXcQtEwey7N2dPP5OReQ3EYDsaSIiCNeTCZq7nt/EK5v28T8zRnHT+AuSFWbK\nkU2ERLOE26ho6lSorfcx/+ly3tl+kKU3jGaiozsdM9vQoV0GmW1srbaqmbabCAX+Q6WXMjEizUZp\nm2Hj8e+OY86fP2JhySdnHdPGpujQLoNOmW3okNmGLu3bcNs3BjN5eG8TIk9NUsKJsCKVcAHVNXWs\n3X6I46dqqTpdR1VNPVWn66g2flbV1LHt6+PsOlTFkuvTv/opVUrRLLHMRomkuqaO259184/PD3JX\n3hDuuHpw2lY5JeFEs8UyGyWS2nofi174hBfde5kzYSD3Tx+RlqvK0zbhArelDWcdWmt+vWobRe94\nmDqqD7+ZdUnaTRNL24Szcvyt3RPvelhSupUJjiyKv5eTVpfXkoQTKenljXu5e+XHXNS7M8vn5tIr\nTbbnk4QTKWvt9oP88JkNZHVsx19uHc+FPTomO6QWk4QTCdPURkSxdqp8vNvL3KfWU+/TPDL7Eq4a\n2isxwZokba+AKnMpkyswbDBtGtx7r//njBn+x2MxZoCdl26/jH7285j71HoeXv059b70+2MqJZxo\nkWgHxqN1qrae/35lM8+X7+Hywd159Max9OiU2fJATZa2JZxIrnBTv5qjfdsMCvPHUHjDaMp3HeFb\nj73Hhi8rI7/QIiThRItEsxFRNBovAcofN4AXb7+MzLY2Zhd9yBPvetJihzapUooWicfUr3Dvcfx0\nLT9b+TFvbtnPtSP7UJg/ms4WGK+TXkqRMC2d+hWpHai1pnith8LVn3NBVgeeXzCRnp1Tu10nbTiR\nMDabPzHuucf/M9YhgUjtQKUUC64cxLPzxrPnSDUPr/68ZQEnkeUTToYFrC/aduAER3dumZjN8xt2\ns2VfXK8fYxqpUoqki6UdeLS6lm88/DbD+nbh2XnjU3Z5j7ThREqLpR24fN0u7nv1M574Xg55Kbp6\nXBJOpI3aeh9THlmL1rDqzito1yb1WkbSaSLSRtsMG/dMG4bnUBXPfvRlssOJiSScsKSrLu7FpME9\neMT1Bd7qmmSHEzVJOGGKpjaTbQmlFP/1rWEcP1XLY2/tiE+QJrD8Nnki9cVzI6JgQ/t0YXbuAJ7+\nYBc3T7gAR89OLY410aSEEwkX7tLG0QpVQv5k8sVktrHx4Bvb4hdwAlk+4WTgO/W1dEVBuDV3PTtn\ncvtVgynbsp91FYfiF3SCWD7htNZorSXhUlhLVxREKiFvnXQh/e3nseS1rSm/aNXyCSdS35Qp/jZb\nsOnT/Y9HI1IJ2b5tBouuHcqWfx3jhQ17mh+oCSThRMLZbP4OktJSfxustDS2DpNoSsjrRvdl7AV2\nHnrzc6pO17U86ASRmSYi5UXby+n+6gjf/uM6po3uy/+9fiT2Du3MD9YgU7uEpUU71/JR1xc8+tZ2\n7B3asfjaodzgPB9bErZSl4QTrcZn+45y78ubcX/lJTe7Gw9cP5KhfbqYGoMknGhVfD5NyYY9PPjG\nVo6dqmPuZdncOXkInTLNmeshCSdapSNVNRSu/py/rf+KXp0zufdbw5k2qm/C19FZKuGUUnYgB3AC\nxVprb4jjJOFEVDZ+dYT/enkzn+07Rt6wXhTNyUnoZbKSsjxHKeVsdD9fKZWnlFoY4aU5QDngBRyJ\nik+kl3ATpMde0I1XfzSJu/KG4Np6gLe3HUhKjAlLOKVUHrAs6L4TQGvtAryNkzGYcQyAXWsdYthT\niDOi2XI9w6a4/apB9OnSnqfW7UpKnAlLOCNpgrfMnY2/xALwAHnQUOoF/7MrpQqMaqQ7itJQiKgn\nSLfNsDFn4kDe23GIHQeOmxegwcyZJnbOTsDuAFrrkkb/vIDLKCEdQImJMQqLimaCdKDKue+9AbRR\nNp563/zV4im5Hk5r7cFfCgoRlUjTv86erZJJ96n9eK5+D3dfczH2Dubt5GxmCecFsozbduBwPN40\nsDxHlum0bpEmSDeuch7fkI3PVs+SZ82d7GxmCbcCf+8j+KuKrjDHRk2GBQScmSAdavpX4ypnzf6u\nnNpr5021C58v27TpX4nspcwHcoyfBHobjbaZN169j1KyiYBwW643VeU8vuFCjulq3tl+0LQYU3Lg\nO1oy8C2i1dSKg+um+/j60jUM69uF5T+4NK6fF2rgOyU7TYSIt6arnDZ+t2Ygv3Vtx3PwhCmbEFl+\nAapUKUW0mqpyfmf8ANpmKJ7+wJwhAsuXcFKlFC3Rq3N7po3qS8kG/xBBolcTWL6EE6KlbrksmxOn\n60zZD8XyCSdVStFSYy/oxpgBdpZ/sAtfgnf9kiqlEMD3LxvIXSs+5r0dh7hiSM+EfY7lSzgh4mHq\nqL706NSO5QleRWD5hJMqpYiHzDYZ3HTpBaz5/ADLX6iK20VHGpOBbyEM//KeYuKDazhWns2RNcOB\n5l90RC7IKEQEG9e1p2pbHzqN2o1q699MNtaLjkQiCSeEwe32ryKwta+j+7WfoNrVAtFfdCQaknBC\nGJxOOL23G961Q+hw8df0+8G7ZJ5fGfVFR6Jh+YSTThMRL/41dYqjH1zE189ORPsUfW76gM22bdTU\nxaf3RDpNhAgSvKX6sFF1fFizhefLdzOqf1d+O/sSBveKboKzpfaljJYknDDDqs1fs/jFTzhZW889\n04Zz8/gLIm4kKwknRAscOHaKu0s+Ye32g1x1cU8K88fQs3NmyOMl4YRoIa01T3/wJf/z+lZ6d2nP\nWz+9krYZTXeDpO04nHSaCLMopZgzIZuFYyZxcfUwylbbYp6JIiWcEFGK9sKQkMYlnBBmiXZ353Ak\n4YSIUjS7O0ciCSdElCLt7hyNtEk46TQ5Q86FX7zPQ6TdnaNh+U6T4PtW/l3iyWiwJzuMpEvEeQie\nidJ4d+cmPjt9x+HkS3aGnAu/ZJ4H6aWMUazVkUjHh3u+qeciPdb4+URWI806F9E+Hu5+Kp2HpkgJ\nF/q9Y3q/SMeHe76p5yI91vj5cM+1lFnnItrHo/3dk3ke0rZKmewYhAgl7RJOCKuRNpwQJmoVCaeU\nchrXpWt1lFJ2pVSeUipfKWVPdjzJlArfA8sknFLK2eh+vvFFWhjFy2fjv8xx2onivBRorV34rzhb\nYHqAJony+5H074ElEs74q7Qs6L4TwPgieRuf7CasSGB4SRPleRlkPOYN3E43MXw/kv49sETCGSeu\nMuih2YDXuO0B8qDhr1rwv7Qs1QKiPC9e8FctgQpTAzRJtN+PVGDVi3nYOfsEdwfQWpeEOD4HGKSU\nchl/6dNVU+elKHCddaDY/JCSosnvBynwPbBqwsVEa91avmjn0Fp78P+Vb/VS4XtgiSplE7xAlnHb\nDhxOYiypRM6LX8qeB6sm3ArAYdx24O+BE3JeAlL2PFgi4Yw2SE6gLaK1dhuP5wHewP3WRs6Ln5XO\ng0ztEsJElijhhEgXknBCmEgSTggTScIJYSJJOCFMJAmXRpRSC6OYyB3qtQlZuhKY1xrv97UqSbj0\n4g0ag3IqpcpieG3D0pXAaxsvfTIer4glMY35rVkRD2wlJOHSV6xzKBuWrhhJuxR/EgbLAjzG7HzR\nDK1i8nIrlQecU8I1Ub0LN3Peo5RyGBOg4ewZ+KIZJOEswmib5QFuwIk/UcJNWcoFAtU/R2CmfIxL\nmIqAfKDQ+PyGEtNI3MXAIvzzFRtKPqMq6g7+XOEnVUrr8OJf11UJlEQxP9AJPA+UA+MivbnWulhr\nvSi4tDMSaHKI40swksxIqiIApVQBZ5IvrRcAN4cknEUY1TqH1todVMULx2skT5NVyxh4lVIOzqyg\nDsVjHDcOoyTUWhe24HPTkiRcGjKqf+uNu7mA20iG5lgBLA2R5MElWJZxTAXG0ph03+KiOSThLMJI\nmGhLquA1YIcBZ5SlYuCz8oClSql8o+oYSN4CwBE0LJBlDBUU4G/LBUq1XKONlzJ7iaQKWZ6TRpRS\nBWZ2UiilVmqtZ0ZxnKlxpTIp4USzGKWcswVV1VZJEi692Js7tStWRu/koEhVVaNqKeN3BqlSCmEi\nKeGEMJEknBAmkoQTwkSScEKYSBJOCBNJwglhov8PcWVW9bfn7uUAAAAASUVORK5CYII=\n",
      "text/plain": [
       "<matplotlib.figure.Figure at 0x11d947410>"
      ]
     },
     "metadata": {},
     "output_type": "display_data"
    }
   ],
   "source": [
    "fig, ax = plt.subplots(figsize=(3.3,3.3))\n",
    "fig.subplots_adjust(left=0.2, right=0.9, bottom=0.2, top=0.9)\n",
    "p1, = plt.plot(rbin_centers, galaxy_eta, 'o', color='blue', mec='none')\n",
    "p2, = plt.plot(rbin_centers, halo_eta, '-')\n",
    "plt.xscale('log')\n",
    "plt.yscale('log')\n",
    "plt.xlabel(r'$r~[h^{-1}\\rm Mpc]$')\n",
    "plt.ylabel(r'$\\eta(r)$')\n",
    "plt.show()\n",
    "\n",
    "fig, ax  = plt.subplots(figsize=(3.3,3.3))\n",
    "fig.subplots_adjust(left=0.2, right=0.9, bottom=0.2, top=0.9)\n",
    "p1, = plt.plot(rbin_centers, galaxy_omega, 'o', color='blue', mec='none')\n",
    "p2, = plt.plot(rbin_centers, halo_omega, '-')\n",
    "plt.xscale('log')\n",
    "plt.yscale('log')\n",
    "plt.xlabel(r'$r~[h^{-1}\\rm Mpc]$')\n",
    "plt.ylabel(r'$\\omega(r)$')\n",
    "plt.legend([p1,p2],['galaxies','haloes'], frameon=False, loc='upper right', fontsize=10)\n",
    "plt.show()"
   ]
  },
  {
   "cell_type": "markdown",
   "metadata": {},
   "source": [
    "## 1- and 2-halo decomposition"
   ]
  },
  {
   "cell_type": "code",
   "execution_count": 13,
   "metadata": {},
   "outputs": [
    {
     "data": {
      "text/html": [
       "&lt;Table length=1367493&gt;\n",
       "<table id=\"table4529372944\" class=\"table-striped table-bordered table-condensed\">\n",
       "<thead><tr><th>halo_id</th><th>halo_upid</th><th>x</th><th>y</th><th>z</th><th>vx</th><th>vy</th><th>vz</th><th>halo_mpeak</th><th>galaxy_axisA_x</th><th>galaxy_axisA_y</th><th>galaxy_axisA_z</th><th>galaxy_axisB_x</th><th>galaxy_axisB_y</th><th>galaxy_axisB_z</th><th>galaxy_axisC_x</th><th>galaxy_axisC_y</th><th>galaxy_axisC_z</th><th>gal_type</th><th>halo_x</th><th>halo_y</th><th>halo_z</th><th>halo_mvir</th><th>halo_axisA_x</th><th>halo_axisA_y</th><th>halo_axisA_z</th></tr></thead>\n",
       "<thead><tr><th>int64</th><th>int64</th><th>float32</th><th>float32</th><th>float32</th><th>float32</th><th>float32</th><th>float32</th><th>float32</th><th>float64</th><th>float64</th><th>float64</th><th>float64</th><th>float64</th><th>float64</th><th>float64</th><th>float64</th><th>float64</th><th>unicode10</th><th>float64</th><th>float64</th><th>float64</th><th>float64</th><th>float64</th><th>float64</th><th>float64</th></tr></thead>\n",
       "<tr><td>3060299107</td><td>-1</td><td>35.725</td><td>43.2765</td><td>17.713</td><td>48.16</td><td>-34.49</td><td>-82.51</td><td>1.643e+14</td><td>-0.857177978954</td><td>0.39663702747</td><td>-0.328519376653</td><td>0.494366780576</td><td>0.454843356928</td><td>-0.740755699891</td><td>0.144386282794</td><td>0.797368540324</td><td>0.58596587976</td><td>centrals</td><td>35.7249908447</td><td>43.2765007019</td><td>17.7129898071</td><td>1.64299997708e+14</td><td>51.3941001892</td><td>-20.2019004822</td><td>17.9174003601</td></tr>\n",
       "<tr><td>3060312953</td><td>-1</td><td>45.2089</td><td>49.7075</td><td>39.9112</td><td>-14.21</td><td>264.96</td><td>-132.11</td><td>1.589e+14</td><td>0.611624355392</td><td>-0.10402571924</td><td>0.784279476735</td><td>-0.773333680353</td><td>0.130574337785</td><td>0.620407415449</td><td>0.166945100927</td><td>0.985966019723</td><td>0.000584147132997</td><td>centrals</td><td>45.2089195251</td><td>49.7075119019</td><td>39.911239624</td><td>1.5889999908e+14</td><td>47.9604988098</td><td>-3.02157998085</td><td>41.3292007446</td></tr>\n",
       "<tr><td>3058440575</td><td>-1</td><td>21.812</td><td>13.8923</td><td>9.54759</td><td>-4.75</td><td>104.38</td><td>-61.29</td><td>1.144e+14</td><td>-0.79077352458</td><td>-0.492189665881</td><td>-0.363904610611</td><td>-0.606906290894</td><td>0.707794430673</td><td>0.361513205819</td><td>-0.0796365927037</td><td>-0.506731069412</td><td>0.858418101157</td><td>centrals</td><td>21.8120098114</td><td>13.8922595978</td><td>9.54759025574</td><td>1.1440000231e+14</td><td>40.1133003235</td><td>18.3442993164</td><td>11.6084003448</td></tr>\n",
       "<tr><td>3058441456</td><td>-1</td><td>26.1803</td><td>14.3142</td><td>6.51834</td><td>-271.94</td><td>78.85</td><td>423.44</td><td>9.709e+13</td><td>-0.484861696747</td><td>-0.016971383265</td><td>0.874426158791</td><td>-0.809351418701</td><td>0.38761327332</td><td>-0.441255290498</td><td>0.331450473032</td><td>0.921665841016</td><td>0.201674642506</td><td>centrals</td><td>26.1803398132</td><td>14.3142299652</td><td>6.51834011078</td><td>9.70900006502e+13</td><td>49.165599823</td><td>-6.97702980042</td><td>-40.8121986389</td></tr>\n",
       "<tr><td>3058452345</td><td>-1</td><td>1.74397</td><td>29.7332</td><td>17.8252</td><td>317.08</td><td>238.52</td><td>179.34</td><td>8.527e+13</td><td>0.775191025088</td><td>-0.608205868233</td><td>-0.170776158962</td><td>-0.437623605535</td><td>-0.711972622318</td><td>0.549163513854</td><td>0.455592421471</td><td>0.350970948821</td><td>0.818080031893</td><td>centrals</td><td>1.74397003651</td><td>29.7332401276</td><td>17.8251895905</td><td>8.52699989934e+13</td><td>37.964099884</td><td>-19.6548995972</td><td>-1.47247004509</td></tr>\n",
       "<tr><td>3058463669</td><td>-1</td><td>10.2739</td><td>26.2383</td><td>22.2927</td><td>-57.3</td><td>186.67</td><td>-187.27</td><td>8.439e+13</td><td>0.596974649008</td><td>0.562858247968</td><td>0.57167461124</td><td>0.800183928895</td><td>-0.468980010665</td><td>-0.373849474433</td><td>-0.0576797050931</td><td>-0.680623495253</td><td>0.730359301529</td><td>centrals</td><td>10.2738800049</td><td>26.2383308411</td><td>22.2926807404</td><td>8.42600022016e+13</td><td>44.0497016907</td><td>15.064499855</td><td>29.0485992432</td></tr>\n",
       "<tr><td>3058683023</td><td>-1</td><td>12.0235</td><td>36.6319</td><td>33.6698</td><td>-306.38</td><td>-77.55</td><td>-386.58</td><td>8.357e+13</td><td>0.515127249947</td><td>0.854287865319</td><td>0.0695425016096</td><td>0.126013360172</td><td>-0.155738630061</td><td>0.979727570381</td><td>-0.847799828627</td><td>0.495921084725</td><td>0.187876896677</td><td>centrals</td><td>12.0234804153</td><td>36.6319313049</td><td>33.6697998047</td><td>8.35699972506e+13</td><td>16.772600174</td><td>38.7454986572</td><td>4.325319767</td></tr>\n",
       "<tr><td>3060115960</td><td>-1</td><td>45.8238</td><td>6.50973</td><td>41.8451</td><td>-233.79</td><td>179.51</td><td>64.62</td><td>7.795e+13</td><td>-0.976052083677</td><td>0.171861182828</td><td>-0.133364402245</td><td>0.147429597916</td><td>0.0718017477761</td><td>-0.98646288459</td><td>0.159958880989</td><td>0.982501014174</td><td>0.0954196706103</td><td>centrals</td><td>45.8237609863</td><td>6.50972986221</td><td>41.8451004028</td><td>7.79499989893e+13</td><td>25.442199707</td><td>-2.93612003326</td><td>35.2636985779</td></tr>\n",
       "<tr><td>3058477222</td><td>-1</td><td>14.5065</td><td>24.5942</td><td>38.4724</td><td>-31.82</td><td>239.24</td><td>-397.53</td><td>7.284e+13</td><td>-0.0410414624562</td><td>-0.0444645310817</td><td>0.998167573023</td><td>-0.514469966028</td><td>0.85733912038</td><td>0.0170378026994</td><td>0.856525686955</td><td>0.512827981044</td><td>0.0580621171164</td><td>centrals</td><td>14.5065002441</td><td>24.5941905975</td><td>38.4723815918</td><td>7.28400029286e+13</td><td>-10.2829999924</td><td>-11.0193004608</td><td>42.6865997314</td></tr>\n",
       "<tr><td>3058476367</td><td>-1</td><td>10.3723</td><td>33.4206</td><td>32.9355</td><td>-16.72</td><td>315.94</td><td>-417.13</td><td>7.274e+13</td><td>0.448042398397</td><td>-0.599032658936</td><td>0.663639874304</td><td>-0.893560628651</td><td>-0.276465448588</td><td>0.353717766957</td><td>0.0284149989029</td><td>0.751483019945</td><td>0.659140241961</td><td>centrals</td><td>10.3723402023</td><td>33.4206314087</td><td>32.9355201721</td><td>7.24899966484e+13</td><td>-18.4610996246</td><td>47.3245010376</td><td>-18.577999115</td></tr>\n",
       "<tr><td>...</td><td>...</td><td>...</td><td>...</td><td>...</td><td>...</td><td>...</td><td>...</td><td>...</td><td>...</td><td>...</td><td>...</td><td>...</td><td>...</td><td>...</td><td>...</td><td>...</td><td>...</td><td>...</td><td>...</td><td>...</td><td>...</td><td>...</td><td>...</td><td>...</td><td>...</td></tr>\n",
       "<tr><td>3071567605</td><td>-1</td><td>236.87</td><td>229.113</td><td>219.266</td><td>1159.99</td><td>-670.81</td><td>200.4</td><td>4.525e+10</td><td>0.179849389122</td><td>-0.650651928099</td><td>-0.737771147236</td><td>-0.233296278382</td><td>-0.756815590377</td><td>0.610575964688</td><td>0.955629135034</td><td>-0.062307548686</td><td>0.287907494955</td><td>centrals</td><td>236.8697052</td><td>229.112960815</td><td>219.266235352</td><td>1636000000.0</td><td>-0.0533000007272</td><td>6.26460981369</td><td>5.58402013779</td></tr>\n",
       "<tr><td>3071570614</td><td>3071570615</td><td>223.554</td><td>226.352</td><td>223.465</td><td>1369.15</td><td>133.21</td><td>-389.12</td><td>8.055e+10</td><td>-0.744333434654</td><td>0.444124583799</td><td>-0.498719452319</td><td>0.577133816507</td><td>0.803529170287</td><td>-0.145799281005</td><td>-0.335982582734</td><td>0.396351140484</td><td>0.854412943217</td><td>satellites</td><td>223.499130249</td><td>226.340301514</td><td>223.499313354</td><td>3.79399988838e+12</td><td>19.6142997742</td><td>3.92637991905</td><td>-5.84832000732</td></tr>\n",
       "<tr><td>3071591661</td><td>3071591676</td><td>244.927</td><td>230.537</td><td>245.133</td><td>510.06</td><td>-151.45</td><td>-425.21</td><td>4.798e+10</td><td>0.689221301482</td><td>0.604243104899</td><td>-0.399830298709</td><td>0.719296139634</td><td>-0.504271369429</td><td>0.477832030615</td><td>-0.0871037375298</td><td>0.616928404401</td><td>0.782184302292</td><td>satellites</td><td>244.967483521</td><td>230.554412842</td><td>244.91569519</td><td>8.18200025498e+12</td><td>10.2311000824</td><td>1.48309004307</td><td>18.244600296</td></tr>\n",
       "<tr><td>3071559812</td><td>3071559728</td><td>225.823</td><td>233.709</td><td>214.685</td><td>646.81</td><td>33.98</td><td>83.93</td><td>5.956e+10</td><td>0.12162228628</td><td>0.892987305228</td><td>-0.43333784993</td><td>0.888657164981</td><td>-0.292440555841</td><td>-0.353223674784</td><td>0.442149819188</td><td>0.342128914302</td><td>0.82912685603</td><td>satellites</td><td>225.514846802</td><td>233.344787598</td><td>214.715545654</td><td>1.67299996713e+13</td><td>18.7269001007</td><td>18.7626991272</td><td>-2.8903799057</td></tr>\n",
       "<tr><td>3071544205</td><td>3071544288</td><td>246.723</td><td>246.001</td><td>207.201</td><td>163.59</td><td>-446.84</td><td>104.15</td><td>4.961e+10</td><td>-0.948056223986</td><td>0.066826309073</td><td>-0.311004245272</td><td>0.147947598971</td><td>0.958137198652</td><td>-0.24512163617</td><td>-0.281604162114</td><td>0.278401424162</td><td>0.91825472659</td><td>satellites</td><td>246.803268433</td><td>245.934570312</td><td>207.328445435</td><td>4.02699992433e+13</td><td>42.8908996582</td><td>-18.3143005371</td><td>1.0950499773</td></tr>\n",
       "<tr><td>3071558476</td><td>-1</td><td>227.979</td><td>228.332</td><td>218.716</td><td>501.36</td><td>-235.72</td><td>127.44</td><td>4.757e+10</td><td>-0.488745905675</td><td>-0.528230507443</td><td>0.694334192369</td><td>-0.603381715432</td><td>0.779492232843</td><td>0.168292496625</td><td>0.63012534084</td><td>0.336696287393</td><td>0.699698267032</td><td>centrals</td><td>227.979309082</td><td>228.331558228</td><td>218.71635437</td><td>1227000064.0</td><td>-5.95161008835</td><td>-4.06474018097</td><td>8.30844974518</td></tr>\n",
       "<tr><td>3071559040</td><td>3071559245</td><td>226.236</td><td>223.465</td><td>216.678</td><td>612.28</td><td>-229.63</td><td>195.54</td><td>6.379e+10</td><td>-0.371863454907</td><td>-0.740447777224</td><td>-0.559870217201</td><td>-0.20456652845</td><td>-0.522929363997</td><td>0.827464449815</td><td>0.905466789199</td><td>-0.422234495836</td><td>-0.0429874886831</td><td>satellites</td><td>226.31237793</td><td>223.718643188</td><td>217.024719238</td><td>2.41600005407e+13</td><td>4.20314979553</td><td>32.9681015015</td><td>32.4418983459</td></tr>\n",
       "<tr><td>3071570821</td><td>3071570713</td><td>229.769</td><td>245.944</td><td>221.452</td><td>-228.94</td><td>-383.12</td><td>108.27</td><td>5.479e+10</td><td>0.884952029982</td><td>0.426463090065</td><td>0.18705383568</td><td>0.293138091209</td><td>-0.822255054399</td><td>0.487818290963</td><td>-0.361842457586</td><td>0.376863182506</td><td>0.852668855746</td><td>satellites</td><td>229.600616455</td><td>245.860015869</td><td>221.480819702</td><td>1.39199994921e+13</td><td>10.3066997528</td><td>-17.4246006012</td><td>19.1194000244</td></tr>\n",
